1	   -16.1	    0.43	     Fp1
2	  0.0817	 0.41667	     Fpz
3	    16.3	 0.43056	     Fp2
4	   -49.6	 0.45506	      F7
5	   -39.9	 0.28167	      F3
6	   0.375	 0.19611	      Fz
7	    40.5	 0.28833	      F4
8	    49.5	 0.45667	      F8
9	   -69.8	 0.34889	     FC5
10	   -52.7	 0.13278	     FC1
11	    52.9	 0.13833	     FC2
12	    69.6	 0.35444	     FC6
13	    -106	 0.67778	      M1
14	   -90.2	 0.48322	      T7
15	    -100	 0.23333	      C3
16	     178	0.047222	      Cz
17	    99.1	 0.23944	      C4
18	    89.2	 0.48372	      T8
19	     106	 0.67944	      M2
20	    -117	    0.38	     CP5
21	    -146	 0.19556	     CP1
22	     144	 0.19889	     CP2
23	     115	 0.38111	     CP6
24	    -130	 0.50387	      P7
25	    -146	 0.34222	      P3
26	    -180	 0.27278	      Pz
27	     145	 0.34278	      P4
28	     130	 0.50467	      P8
29	    -180	    0.38	     POz
30	    -163	 0.50049	      O1
31	     163	 0.50089	      O2
32	   -20.4	 0.65722	     EOG
33	   -32.4	 0.44333	     AF7
34	   -20.7	 0.34778	     AF3
35	    21.8	 0.34889	     AF4
36	    32.3	 0.44389	     AF8
37	   -46.7	 0.36389	      F5
38	   -24.2	 0.21833	      F1
39	    25.9	 0.22389	      F2
40	    47.3	 0.36889	      F6
41	   -66.2	 0.23667	     FC3
42	    1.11	0.076667	     FCz
43	    65.9	 0.24278	     FC4
44	   -94.5	 0.35278	      C5
45	    -112	 0.12222	      C1
46	     110	 0.12778	      C2
47	    93.6	   0.355	      C6
48	    -127	 0.27667	     CP3
49	     125	    0.28	     CP4
50	    -136	   0.415	      P5
51	    -161	 0.29056	      P1
52	     160	 0.29111	      P2
53	     135	 0.41611	      P6
54	    -152	 0.45411	     PO5
55	    -159	 0.41056	     PO3
56	     159	 0.41278	     PO4
57	     152	 0.45672	     PO6
58	     -69	 0.46833	     FT7
59	    68.3	 0.46939	     FT8
60	    -111	 0.49765	     TP7
61	     111	  0.4972	     TP8
62	    -147	 0.50552	     PO7
63	     147	 0.50622	     PO8
64	     180	    0.49	      Oz
