1	   -16.1	    0.43	     Fp1
2	  0.0817	 0.41667	     Fpz
3	    16.3	 0.43056	     Fp2
4	   -49.6	 0.45506	      F7
5	   -39.9	 0.28167	      F3
6	   0.375	 0.19611	      Fz
7	    40.5	 0.28833	      F4
8	    49.5	 0.45667	      F8
9	   -69.8	 0.34889	     FC5
10	   -52.7	 0.13278	     FC1
11	    52.9	 0.13833	     FC2
12	    69.6	 0.35444	     FC6
13	   -90.2	 0.48322	      T7
14	    -100	 0.23333	      C3
15	     178	0.047222	      Cz
16	    99.1	 0.23944	      C4
17	    89.2	 0.48372	      T8
18	    -117	    0.38	     CP5
19	    -146	 0.19556	     CP1
20	     144	 0.19889	     CP2
21	     115	 0.38111	     CP6
22	    -130	 0.50387	      P7
23	    -146	 0.34222	      P3
24	    -180	 0.27278	      Pz
25	     145	 0.34278	      P4
26	     130	 0.50467	      P8
27	    -180	    0.38	     POz
28	    -163	 0.50049	      O1
29	     163	 0.50089	      O2
30	   -32.4	 0.44333	     AF7
31	   -20.7	 0.34778	     AF3
32	    21.8	 0.34889	     AF4
33	    32.3	 0.44389	     AF8
34	   -46.7	 0.36389	      F5
35	   -24.2	 0.21833	      F1
36	    25.9	 0.22389	      F2
37	    47.3	 0.36889	      F6
38	   -66.2	 0.23667	     FC3
39	    1.11	0.076667	     FCz
40	    65.9	 0.24278	     FC4
41	   -94.5	 0.35278	      C5
42	    -112	 0.12222	      C1
43	     110	 0.12778	      C2
44	    93.6	   0.355	      C6
45	    -127	 0.27667	     CP3
46	     125	    0.28	     CP4
47	    -136	   0.415	      P5
48	    -161	 0.29056	      P1
49	     160	 0.29111	      P2
50	     135	 0.41611	      P6
51	    -152	 0.45411	     PO5
52	    -159	 0.41056	     PO3
53	     159	 0.41278	     PO4
54	     152	 0.45672	     PO6
55	     -69	 0.46833	     FT7
56	    68.3	 0.46939	     FT8
57	    -111	 0.49765	     TP7
58	     111	  0.4972	     TP8
59	    -147	 0.50552	     PO7
60	     147	 0.50622	     PO8
61	     180	    0.49	      Oz
